3.662109e-04
3.662109e-04
3.662109e-04
3.662109e-04
1.831055e-04
1.831055e-04
6.103516e-05
6.103516e-05
6.103516e-05
6.103516e-05
6.103516e-05
6.103516e-05
6.103516e-05
6.103516e-05
6.103516e-05
6.103516e-05
6.103516e-05
6.103516e-05
6.103516e-05
6.103516e-05
6.103516e-05
6.103516e-05
6.103516e-05
6.103516e-05
6.103516e-05
6.103516e-05
6.103516e-05
6.103516e-05
6.103516e-05
6.103516e-05
6.103516e-05
6.103516e-05
6.103516e-05
6.103516e-05
6.103516e-05
6.103516e-05
6.103516e-05
6.103516e-05
6.103516e-05
6.103516e-05
6.103516e-05
6.103516e-05
6.103516e-05
6.103516e-05
6.103516e-05
6.103516e-05
6.103516e-05
6.103516e-05
6.103516e-05
6.103516e-05
6.103516e-05
6.103516e-05
6.103516e-05
6.103516e-05
6.103516e-05
6.103516e-05
6.103516e-05
6.103516e-05
6.103516e-05
6.103516e-05
6.103516e-05
6.103516e-05
6.103516e-05
6.103516e-05
6.103516e-05
6.103516e-05
6.103516e-05
6.103516e-05
6.103516e-05
6.103516e-05
6.103516e-05
6.103516e-05
6.103516e-05
6.103516e-05
6.103516e-05
6.103516e-05
6.103516e-05
6.103516e-05
6.103516e-05
6.103516e-05
6.103516e-05
6.103516e-05
6.103516e-05
6.103516e-05
6.103516e-05
6.103516e-05
6.103516e-05
6.103516e-05
6.103516e-05
6.103516e-05
6.103516e-05
6.103516e-05
6.103516e-05
6.103516e-05
6.103516e-05
6.103516e-05
6.103516e-05
6.103516e-05
6.103516e-05
6.103516e-05
