0
0.19139
0.35362
0.46199
0.5
0.46185
0.35335
0.19103
-0.00038359
-0.19174
-0.35389
-0.46214
-0.5
-0.4617
-0.35308
-0.19068
0.00076718
0.19209
0.35416
0.46229
0.5
0.46155
0.35281
0.19032
-0.0011508
-0.19245
-0.35443
-0.46243
-0.5
-0.46141
-0.35253
-0.18997
0.0015344
0.1928
0.3547
0.46258
0.5
0.46126
0.35226
0.18961
-0.0019179
-0.19316
-0.35497
-0.46272
-0.5
-0.46111
-0.35199
-0.18926
0.0023015
0.19351
0.35524
0.46287
0.49999
0.46096
0.35172
0.1889
-0.0026851
-0.19386
-0.35551
-0.46301
-0.49999
-0.46081
-0.35145
-0.18855
0.0030687
0.19422
0.35578
0.46316
0.49999
0.46066
0.35117
0.18819
-0.0034523
-0.19457
-0.35605
-0.4633
-0.49999
-0.46051
-0.3509
-0.18784
0.0038359
0.19492
0.35632
0.46345
0.49998
0.46036
0.35063
0.18748
-0.0042194
-0.19528
-0.35659
-0.46359
-0.49998
-0.46021
-0.35035
-0.18713
0.004603
0.19563
0.35686
0.46374
0.49998
0.46006
0.35008
0.18677
-0.0049866
-0.19598
-0.35713
-0.46388
-0.49997
-0.45991
-0.3498
-0.18641
0.0053701
0.19634
0.3574
0.46402
0.49997
0.45976
0.34953
0.18606
-0.0057537
-0.19669
-0.35767
-0.46416
-0.49996
-0.45961
-0.34926
-0.1857
0.0061373
0.19704
0.35793
0.46431
0.49996
0.45946
0.34898
0.18535
-0.0065208
-0.19739
-0.3582
-0.46445
-0.49995
-0.45931
-0.34871
-0.18499
0.0069044
0.19775
0.35847
0.46459
0.49995
0.45916
0.34843
0.18463
-0.0072879
-0.1981
-0.35874
-0.46473
-0.49994
-0.45901
-0.34816
-0.18428
0.0076715
0.19845
0.359
0.46487
0.49994
0.45885
0.34788
0.18392
-0.008055
-0.1988
-0.35927
-0.46502
-0.49993
-0.4587
-0.34761
-0.18356
0.0084386
0.19915
0.35954
0.46516
0.49993
0.45855
0.34733
0.18321
-0.0088221
-0.19951
-0.3598
-0.4653
-0.49992
-0.4584
-0.34705
-0.18285
0.0092056
0.19986
0.36007
0.46544
0.49991
0.45824
0.34678
0.18249
-0.0095891
-0.20021
-0.36034
-0.46558
-0.4999
-0.45809
-0.3465
-0.18213
0.0099726
0.20056
0.3606
0.46572
0.4999
0.45794
0.34622
0.18178
-0.010356
-0.20091
-0.36087
-0.46586
-0.49989
-0.45778
-0.34595
-0.18142
0.01074
0.20126
0.36113
0.466
0.49988
0.45763
0.34567
0.18106
-0.011123
-0.20161
-0.3614
-0.46613
-0.49987
-0.45747
-0.34539
-0.18071
0.011507
0.20197
0.36166
0.46627
0.49986
0.45732
0.34512
0.18035
-0.01189
-0.20232
-0.36193
-0.46641
-0.49985
-0.45716
-0.34484
-0.17999
0.012274
0.20267
0.36219
0.46655
0.49984
0.45701
0.34456
0.17963
-0.012657
-0.20302
-0.36246
-0.46669
-0.49983
-0.45685
-0.34428
-0.17927
0.013041
0.20337
0.36272
0.46682
0.49982
0.45669
0.344
0.17892
-0.013424
-0.20372
-0.36298
-0.46696
-0.49981
-0.45654
-0.34372
-0.17856
0.013807
0.20407
0.36325
0.4671
0.4998
0.45638
0.34345
0.1782
-0.014191
-0.20442
-0.36351
-0.46724
-0.49979
-0.45623
-0.34317
-0.17784
0.014574
0.20477
0.36377
0.46737
0.49978
0.45607
0.34289
0.17748
-0.014958
-0.20512
-0.36404
-0.46751
-0.49977
-0.45591
-0.34261
-0.17712
0.015341
0.20547
0.3643
0.46764
0.49976
0.45575
0.34233
0.17676
-0.015725
-0.20582
-0.36456
-0.46778
-0.49975
-0.4556
-0.34205
-0.17641
0.016108
0.20617
0.36483
0.46791
0.49973
0.45544
0.34177
0.17605
-0.016491
-0.20652
-0.36509
-0.46805
-0.49972
-0.45528
-0.34149
-0.17569
0.016875
0.20687
0.36535
0.46818
0.49971
0.45512
0.34121
0.17533
-0.017258
-0.20722
-0.36561
-0.46832
-0.4997
-0.45496
-0.34093
-0.17497
0.017641
0.20756
0.36587
0.46845
0.49968
0.4548
0.34065
0.17461
-0.018025
-0.20791
-0.36613
-0.46859
-0.49967
-0.45464
-0.34037
-0.17425
0.018408
0.20826
0.3664
0.46872
0.49965
0.45448
0.34009
0.17389
-0.018791
-0.20861
-0.36666
-0.46885
-0.49964
-0.45432
-0.33981
-0.17353
0.019175
0.20896
0.36692
0.46899
0.49962
0.45416
0.33952
0.17317
-0.019558
-0.20931
-0.36718
-0.46912
-0.49961
-0.454
-0.33924
-0.17281
0.019941
0.20966
0.36744
0.46925
0.49959
0.45384
0.33896
0.17245
-0.020325
-0.21
-0.3677
-0.46939
-0.49958
-0.45368
-0.33868
-0.17209
0.020708
0.21035
0.36796
0.46952
0.49956
0.45352
0.3384
0.17173
-0.021091
-0.2107
-0.36822
-0.46965
-0.49955
-0.45336
-0.33811
-0.17137
0.021474
0.21105
0.36848
0.46978
0.49953
0.45319
0.33783
0.17101
-0.021858
-0.2114
-0.36874
-0.46991
-0.49951
-0.45303
-0.33755
-0.17065
0.022241
0.21174
0.36899
0.47004
0.4995
0.45287
0.33726
0.17029
-0.022624
-0.21209
-0.36925
-0.47017
-0.49948
-0.45271
-0.33698
-0.16993
0.023007
0.21244
0.36951
0.4703
0.49946
0.45254
0.3367
0.16957
-0.02339
-0.21279
-0.36977
-0.47043
-0.49944
-0.45238
-0.33641
-0.16921
0.023774
0.21313
0.37003
0.47056
0.49943
0.45222
0.33613
0.16885
-0.024157
-0.21348
-0.37029
-0.47069
-0.49941
-0.45205
-0.33585
-0.16848
0.02454
0.21383
0.37054
0.47082
0.49939
0.45189
0.33556
0.16812
-0.024923
-0.21417
-0.3708
-0.47095
-0.49937
-0.45173
-0.33528
-0.16776
0.025306
0.21452
0.37106
0.47108
0.49935
0.45156
0.33499
0.1674
-0.025689
-0.21487
-0.37132
-0.47121
-0.49933
-0.4514
-0.33471
-0.16704
0.026072
0.21521
0.37157
0.47134
0.49931
0.45123
0.33442
0.16668
-0.026455
-0.21556
-0.37183
-0.47146
-0.49929
-0.45107
-0.33414
-0.16632
0.026838
0.2159
0.37209
0.47159
0.49927
0.4509
0.33385
0.16595
-0.027221
-0.21625
-0.37234
-0.47172
-0.49925
-0.45073
-0.33357
-0.16559
0.027604
0.2166
0.3726
0.47185
0.49923
0.45057
0.33328
0.16523
-0.027987
-0.21694
-0.37285
-0.47197
-0.49921
-0.4504
-0.33299
-0.16487
0.02837
0.21729
0.37311
0.4721
0.49918
0.45023
0.33271
0.16451
-0.028753
-0.21763
-0.37336
-0.47223
-0.49916
-0.45007
-0.33242
-0.16414
0.029136
0.21798
0.37362
0.47235
0.49914
0.4499
0.33214
0.16378
-0.029519
-0.21832
-0.37387
-0.47248
-0.49912
-0.44973
-0.33185
-0.16342
0.029902
0.21867
0.37413
0.4726
0.49909
0.44957
0.33156
0.16306
-0.030285
-0.21901
-0.37438
-0.47273
-0.49907
-0.4494
-0.33127
-0.16269
0.030668
0.21936
0.37464
0.47285
0.49905
0.44923
0.33099
0.16233
-0.031051
-0.2197
-0.37489
-0.47298
-0.49902
-0.44906
-0.3307
-0.16197
0.031434
0.22005
0.37514
0.4731
0.499
0.44889
0.33041
0.1616
-0.031816
-0.22039
-0.3754
-0.47323
-0.49897
-0.44872
-0.33012
-0.16124
0.032199
0.22074
0.37565
0.47335
0.49895
0.44855
0.32984
0.16088
-0.032582
-0.22108
-0.3759
-0.47347
-0.49892
-0.44838
-0.32955
-0.16052
0.032965
0.22142
0.37616
0.4736
0.4989
0.44821
0.32926
0.16015
-0.033347
-0.22177
-0.37641
-0.47372
-0.49887
-0.44804
-0.32897
-0.15979
0.03373
0.22211
0.37666
0.47384
0.49885
0.44787
0.32868
0.15943
-0.034113
-0.22246
-0.37691
-0.47396
-0.49882
-0.4477
-0.32839
-0.15906
0.034496
0.2228
0.37717
0.47409
0.4988
0.44753
0.3281
0.1587
-0.034878
-0.22314
-0.37742
-0.47421
-0.49877
-0.44736
-0.32781
-0.15833
0.035261
0.22349
0.37767
0.47433
0.49874
0.44719
0.32752
0.15797
-0.035644
-0.22383
-0.37792
-0.47445
-0.49871
-0.44702
-0.32723
-0.15761
0.036026
0.22417
0.37817
0.47457
0.49869
0.44685
0.32694
0.15724
-0.036409
-0.22451
-0.37842
-0.47469
-0.49866
-0.44667
-0.32665
-0.15688
0.036791
0.22486
0.37867
0.47481
0.49863
0.4465
0.32636
0.15651
-0.037174
-0.2252
-0.37892
-0.47493
-0.4986
-0.44633
-0.32607
-0.15615
0.037556
0.22554
0.37917
0.47505
0.49857
0.44615
0.32578
0.15578
-0.037939
-0.22588
-0.37942
-0.47517
-0.49854
-0.44598
-0.32549
-0.15542
0.038321
0.22623
0.37967
0.47529
0.49851
0.44581
0.3252
0.15506
-0.038704
-0.22657
-0.37992
-0.47541
-0.49848
-0.44563
-0.32491
-0.15469
0.039086
0.22691
0.38017
0.47553
0.49845
0.44546
0.32461
0.15433
-0.039469
-0.22725
-0.38042
-0.47565
-0.49842
-0.44529
-0.32432
-0.15396
0.039851
0.22759
0.38067
0.47576
0.49839
0.44511
0.32403
0.1536
-0.040233
-0.22793
-0.38092
-0.47588
-0.49836
-0.44494
-0.32374
-0.15323
0.040616
0.22828
0.38117
0.476
0.49833
0.44476
0.32345
0.15287
-0.040998
-0.22862
-0.38141
-0.47612
-0.4983
-0.44459
-0.32315
-0.1525
0.04138
0.22896
0.38166
0.47623
0.49827
0.44441
0.32286
0.15214
-0.041762
-0.2293
-0.38191
-0.47635
-0.49824
-0.44423
-0.32257
-0.15177
0.042145
0.22964
0.38216
0.47647
0.4982
0.44406
0.32227
0.1514
-0.042527
-0.22998
-0.38241
-0.47658
-0.49817
-0.44388
-0.32198
-0.15104
0.042909
0.23032
0.38265
0.4767
0.49814
0.4437
0.32169
0.15067
-0.043291
-0.23066
-0.3829
-0.47682
-0.49811
-0.44353
-0.32139
-0.15031
0.043673
0.231
0.38315
0.47693
0.49807
0.44335
0.3211
0.14994
-0.044056
-0.23134
-0.38339
-0.47705
-0.49804
-0.44317
-0.32081
-0.14958
0.044438
0.23168
0.38364
0.47716
0.498
0.443
0.32051
0.14921
-0.04482
-0.23202
-0.38388
-0.47727
-0.49797
-0.44282
-0.32022
-0.14884
0.045202
0.23236
0.38413
0.47739
0.49794
0.44264
0.31992
0.14848
-0.045584
-0.2327
-0.38437
-0.4775
-0.4979
-0.44246
-0.31963
-0.14811
0.045966
0.23304
0.38462
0.47762
0.49787
0.44228
0.31933
0.14774
-0.046348
-0.23338
-0.38487
-0.47773
-0.49783
-0.4421
-0.31904
-0.14738
0.04673
0.23372
0.38511
0.47784
0.49779
0.44192
0.31874
0.14701
-0.047111
-0.23406
-0.38535
-0.47796
-0.49776
-0.44174
-0.31845
-0.14664
0.047493
0.2344
0.3856
0.47807
0.49772
0.44156
0.31815
0.14628
-0.047875
-0.23474
-0.38584
-0.47818
-0.49768
-0.44138
-0.31785
-0.14591
0.048257
0.23507
0.38609
0.47829
0.49765
0.4412
0.31756
0.14554
-0.048639
-0.23541
-0.38633
-0.4784
-0.49761
-0.44102
-0.31726
-0.14518
0.049021
0.23575
0.38657
0.47852
0.49757
0.44084
0.31696
0.14481
-0.049402
-0.23609
-0.38682
-0.47863
-0.49753
-0.44066
-0.31667
-0.14444
0.049784
0.23643
0.38706
0.47874
0.4975
0.44048
0.31637
0.14408
-0.050166
-0.23677
-0.3873
-0.47885
-0.49746
-0.4403
-0.31607
-0.14371
0.050547
0.2371
0.38754
0.47896
0.49742
0.44012
0.31578
0.14334
-0.050929
-0.23744
-0.38779
-0.47907
-0.49738
-0.43993
-0.31548
-0.14297
0.05131
0.23778
0.38803
0.47918
0.49734
0.43975
0.31518
0.14261
-0.051692
-0.23812
-0.38827
-0.47929
-0.4973
-0.43957
-0.31488
-0.14224
0.052073
0.23845
0.38851
0.4794
0.49726
0.43939
0.31459
0.14187
-0.052455
-0.23879
-0.38875
-0.47951
-0.49722
-0.4392
-0.31429
-0.1415
0.052836
0.23913
0.389
0.47961
0.49718
0.43902
0.31399
0.14113
-0.053218
-0.23946
-0.38924
-0.47972
-0.49714
-0.43884
-0.31369
-0.14077
0.053599
0.2398
0.38948
0.47983
0.4971
0.43865
0.31339
0.1404
-0.053981
-0.24014
-0.38972
-0.47994
-0.49706
-0.43847
-0.31309
-0.14003
0.054362
0.24047
0.38996
0.48005
0.49702
0.43828
0.31279
0.13966
-0.054743
-0.24081
-0.3902
-0.48015
-0.49697
-0.4381
-0.31249
-0.13929
0.055125
0.24115
0.39044
0.48026
0.49693
0.43791
0.31219
0.13892
-0.055506
-0.24148
-0.39068
-0.48037
-0.49689
-0.43773
-0.31189
-0.13856
0.055887
0.24182
0.39092
0.48047
0.49685
0.43754
0.31159
0.13819
-0.056268
-0.24215
-0.39115
-0.48058
-0.4968
-0.43736
-0.31129
-0.13782
0.056649
0.24249
0.39139
0.48068
0.49676
0.43717
0.31099
0.13745
-0.05703
-0.24282
-0.39163
-0.48079
-0.49672
-0.43698
-0.31069
-0.13708
0.057411
0.24316
0.39187
0.48089
0.49667
0.4368
0.31039
0.13671
-0.057792
-0.24349
-0.39211
-0.481
-0.49663
-0.43661
-0.31009
-0.13634
0.058173
0.24383
0.39235
0.4811
0.49658
0.43642
0.30979
0.13597
-0.058554
-0.24416
-0.39258
-0.48121
-0.49654
-0.43624
-0.30949
-0.1356
0.058935
0.2445
0.39282
0.48131
0.49649
0.43605
0.30919
0.13524
-0.059316
-0.24483
-0.39306
-0.48142
-0.49645
-0.43586
-0.30889
-0.13487
0.059697
0.24517
0.3933
0.48152
0.4964
0.43567
0.30859
0.1345
-0.060078
-0.2455
-0.39353
-0.48162
-0.49635
-0.43548
-0.30828
-0.13413
0.060459
0.24584
0.39377
0.48173
0.49631
0.4353
0.30798
0.13376
-0.060839
-0.24617
-0.39401
-0.48183
-0.49626
-0.43511
-0.30768
-0.13339
0.06122
0.2465
0.39424
0.48193
0.49621
0.43492
0.30738
0.13302
-0.061601
-0.24684
-0.39448
-0.48203
-0.49617
-0.43473
-0.30707
-0.13265
0.061982
0.24717
0.39471
0.48213
0.49612
0.43454
0.30677
0.13228
-0.062362
-0.2475
-0.39495
-0.48224
-0.49607
-0.43435
-0.30647
-0.13191
0.062743
0.24784
0.39518
0.48234
0.49602
0.43416
0.30617
0.13154
-0.063123
-0.24817
-0.39542
-0.48244
-0.49598
-0.43397
-0.30586
-0.13117
0.063504
0.2485
0.39565
0.48254
0.49593
0.43378
0.30556
0.1308
-0.063884
-0.24884
-0.39589
-0.48264
-0.49588
-0.43359
-0.30525
-0.13043
0.064265
0.24917
0.39612
0.48274
0.49583
0.4334
0.30495
0.13006
-0.064645
-0.2495
-0.39636
-0.48284
-0.49578
-0.4332
-0.30465
-0.12969
0.065025
0.24983
0.39659
0.48294
0.49573
0.43301
0.30434
0.12932
-0.065406
-0.25017
-0.39682
-0.48304
-0.49568
-0.43282
-0.30404
-0.12895
0.065786
0.2505
0.39706
0.48314
0.49563
0.43263
0.30373
0.12858
-0.066166
-0.25083
-0.39729
-0.48323
-0.49558
-0.43244
-0.30343
-0.1282
0.066546
0.25116
0.39752
0.48333
0.49553
0.43224
0.30312
0.12783
-0.066927
-0.25149
-0.39775
-0.48343
-0.49547
-0.43205
-0.30282
-0.12746
0.067307
0.25182
0.39799
0.48353
0.49542
0.43186
0.30251
0.12709
-0.067687
-0.25216
-0.39822
-0.48363
-0.49537
-0.43166
-0.30221
-0.12672
0.068067
0.25249
0.39845
0.48372
0.49532
0.43147
0.3019
0.12635
-0.068447
-0.25282
-0.39868
-0.48382
-0.49527
-0.43128
-0.3016
-0.12598
0.068827
0.25315
0.39891
0.48392
0.49521
0.43108
0.30129
0.12561
-0.069207
-0.25348
-0.39914
-0.48401
-0.49516
-0.43089
-0.30098
-0.12524
0.069587
0.25381
0.39938
0.48411
0.49511
0.43069
0.30068
0.12487
-0.069966
-0.25414
-0.39961
-0.48421
-0.49505
-0.4305
-0.30037
-0.12449
0.070346
0.25447
0.39984
0.4843
0.495
0.4303
0.30006
0.12412
-0.070726
-0.2548
-0.40007
-0.4844
-0.49495
-0.43011
-0.29976
-0.12375
0.071106
0.25513
0.4003
0.48449
0.49489
0.42991
0.29945
0.12338
-0.071485
-0.25546
-0.40053
-0.48459
-0.49484
-0.42972
-0.29914
-0.12301
0.071865
0.25579
0.40076
0.48468
0.49478
0.42952
0.29884
0.12264
-0.072245
-0.25612
-0.40099
-0.48477
-0.49473
-0.42932
-0.29853
-0.12226
0.072624
0.25645
0.40121
0.48487
0.49467
0.42913
0.29822
0.12189
-0.073004
-0.25678
-0.40144
-0.48496
-0.49461
-0.42893
-0.29791
-0.12152
0.073383
0.25711
0.40167
0.48505
0.49456
0.42873
0.2976
0.12115
-0.073762
-0.25744
-0.4019
-0.48515
-0.4945
-0.42853
-0.2973
-0.12077
0.074142
0.25777
0.40213
0.48524
0.49444
0.42834
0.29699
0.1204
-0.074521
-0.25809
-0.40236
-0.48533
-0.49439
-0.42814
-0.29668
-0.12003
0.0749
0.25842
0.40258
0.48543
0.49433
0.42794
0.29637
0.11966
-0.07528
-0.25875
-0.40281
-0.48552
-0.49427
-0.42774
-0.29606
-0.11929
0.075659
0.25908
0.40304
0.48561
0.49421
0.42754
0.29575
0.11891
-0.076038
-0.25941
-0.40326
-0.4857
-0.49416
-0.42734
-0.29544
-0.11854
0.076417
0.25973
0.40349
0.48579
0.4941
0.42714
0.29513
0.11817
-0.076796
-0.26006
-0.40372
-0.48588
-0.49404
-0.42695
-0.29482
-0.11779
0.077175
0.26039
0.40394
0.48597
0.49398
0.42675
0.29451
0.11742
-0.077554
-0.26072
-0.40417
-0.48606
-0.49392
-0.42655
-0.2942
-0.11705
0.077933
0.26104
0.4044
0.48615
0.49386
0.42635
0.29389
0.11668
-0.078312
-0.26137
-0.40462
-0.48624
-0.4938
-0.42614
-0.29358
-0.1163
0.078691
0.2617
0.40485
0.48633
0.49374
0.42594
0.29327
0.11593
-0.07907
-0.26203
-0.40507
-0.48642
-0.49368
-0.42574
-0.29296
-0.11556
0.079448
0.26235
0.4053
0.48651
0.49362
0.42554
0.29265
0.11518
-0.079827
-0.26268
-0.40552
-0.4866
-0.49356
-0.42534
-0.29234
-0.11481
0.080206
0.26301
0.40574
0.48668
0.49349
0.42514
0.29203
0.11444
-0.080584
-0.26333
-0.40597
-0.48677
-0.49343
-0.42494
-0.29172
-0.11406
0.080963
0.26366
0.40619
0.48686
0.49337
0.42473
0.2914
0.11369
-0.081341
-0.26398
-0.40642
-0.48695
-0.49331
-0.42453
-0.29109
-0.11332
0.08172
0.26431
0.40664
0.48703
0.49325
0.42433
0.29078
0.11294
-0.082098
-0.26463
-0.40686
-0.48712
-0.49318
-0.42413
-0.29047
-0.11257
0.082477
0.26496
0.40709
0.48721
0.49312
0.42392
0.29016
0.1122
-0.082855
-0.26528
-0.40731
-0.48729
-0.49306
-0.42372
-0.28984
-0.11182
0.083233
0.26561
0.40753
0.48738
0.49299
0.42352
0.28953
0.11145
-0.083611
-0.26593
-0.40775
-0.48746
-0.49293
-0.42331
-0.28922
-0.11107
0.083989
0.26626
0.40797
0.48755
0.49286
0.42311
0.28891
0.1107
-0.084368
-0.26658
-0.4082
-0.48763
-0.4928
-0.4229
-0.28859
-0.11033
0.084746
0.26691
0.40842
0.48772
0.49273
0.4227
0.28828
0.10995
-0.085124
-0.26723
-0.40864
-0.4878
-0.49267
-0.42249
-0.28797
-0.10958
0.085502
0.26756
0.40886
0.48789
0.4926
0.42229
0.28765
0.1092
-0.08588
-0.26788
-0.40908
-0.48797
-0.49254
-0.42208
-0.28734
-0.10883
0.086257
0.2682
0.4093
0.48805
0.49247
0.42188
0.28702
0.10845
-0.086635
-0.26853
-0.40952
-0.48814
-0.4924
-0.42167
-0.28671
-0.10808
0.087013
0.26885
0.40974
0.48822
0.49234
0.42146
0.2864
0.1077
-0.087391
-0.26918
-0.40996
-0.4883
-0.49227
-0.42126
-0.28608
-0.10733
0.087768
0.2695
0.41018
0.48839
0.4922
0.42105
0.28577
0.10696
-0.088146
-0.26982
-0.4104
-0.48847
-0.49214
-0.42084
-0.28545
-0.10658
0.088524
0.27014
0.41062
0.48855
0.49207
0.42064
0.28514
0.10621
-0.088901
-0.27047
-0.41084
-0.48863
-0.492
-0.42043
-0.28482
-0.10583
0.089278
0.27079
0.41106
0.48871
0.49193
0.42022
0.28451
0.10546
-0.089656
-0.27111
-0.41127
-0.48879
-0.49186
-0.42001
-0.28419
-0.10508
0.090033
0.27143
0.41149
0.48887
0.49179
0.4198
0.28387
0.10471
-0.09041
-0.27176
-0.41171
-0.48895
-0.49172
-0.4196
-0.28356
-0.10433
0.090788
0.27208
0.41193
0.48903
0.49165
0.41939
0.28324
0.10396
-0.091165
-0.2724
-0.41214
-0.48911
-0.49158
-0.41918
-0.28293
-0.10358
0.091542
0.27272
0.41236
0.48919
0.49151
0.41897
0.28261
0.10321
-0.091919
-0.27304
-0.41258
-0.48927
-0.49144
-0.41876
-0.28229
-0.10283
0.092296
0.27336
0.4128
0.48935
0.49137
0.41855
0.28198
0.10245
-0.092673
-0.27369
-0.41301
-0.48943
-0.4913
-0.41834
-0.28166
-0.10208
0.09305
0.27401
0.41323
0.48951
0.49123
0.41813
0.28134
0.1017
-0.093427
-0.27433
-0.41344
-0.48959
-0.49116
-0.41792
-0.28103
-0.10133
0.093804
0.27465
0.41366
0.48966
0.49109
0.41771
0.28071
0.10095
-0.09418
-0.27497
-0.41387
-0.48974
-0.49101
-0.4175
-0.28039
-0.10058
0.094557
0.27529
0.41409
0.48982
0.49094
0.41729
0.28007
0.1002
-0.094934
-0.27561
-0.4143
-0.4899
-0.49087
-0.41708
-0.27976
-0.099825
0.09531
0.27593
0.41452
0.48997
0.4908
0.41686
0.27944
0.099449
-0.095687
-0.27625
-0.41473
-0.49005
-0.49072
-0.41665
-0.27912
-0.099073
0.096063
0.27657
0.41495
0.49012
0.49065
0.41644
0.2788
0.098697
-0.09644
-0.27689
-0.41516
-0.4902
-0.49057
-0.41623
-0.27848
-0.098321
0.096816
0.27721
0.41537
0.49028
0.4905
0.41601
0.27816
0.097945
-0.097192
-0.27753
-0.41559
-0.49035
-0.49043
-0.4158
-0.27784
-0.097569
0.097569
0.27784
0.4158
0.49043
0.49035
0.41559
0.27753
0.097192
-0.097945
-0.27816
-0.41601
-0.4905
-0.49028
-0.41537
-0.27721
-0.096816
0.098321
0.27848
0.41623
0.49057
0.4902
0.41516
0.27689
0.09644
-0.098697
-0.2788
-0.41644
-0.49065
-0.49012
-0.41495
-0.27657
-0.096063
0.099073
0.27912
0.41665
0.49072
0.49005
0.41473
0.27625
0.095687
-0.099449
-0.27944
-0.41686
-0.4908
-0.48997
-0.41452
-0.27593
-0.09531
0.099825
0.27976
0.41708
0.49087
0.4899
0.4143
0.27561
0.094934
-0.1002
-0.28007
-0.41729
-0.49094
-0.48982
-0.41409
-0.27529
-0.094557
0.10058
0.28039
0.4175
0.49101
0.48974
0.41387
0.27497
0.09418
-0.10095
-0.28071
-0.41771
-0.49109
-0.48966
-0.41366
-0.27465
-0.093804
0.10133
0.28103
0.41792
0.49116
0.48959
0.41344
0.27433
0.093427
-0.1017
-0.28134
-0.41813
-0.49123
-0.48951
-0.41323
-0.27401
-0.09305
0.10208
0.28166
0.41834
0.4913
0.48943
0.41301
0.27369
0.092673
-0.10245
-0.28198
-0.41855
-0.49137
-0.48935
-0.4128
-0.27336
-0.092296
0.10283
0.28229
0.41876
0.49144
0.48927
0.41258
0.27304
0.091919
-0.10321
-0.28261
-0.41897
-0.49151
-0.48919
-0.41236
-0.27272
-0.091542
0.10358
0.28293
0.41918
0.49158
0.48911
0.41214
0.2724
0.091165
-0.10396
-0.28324
-0.41939
-0.49165
-0.48903
-0.41193
-0.27208
-0.090788
0.10433
0.28356
0.4196
0.49172
0.48895
0.41171
0.27176
0.09041
-0.10471
-0.28387
-0.4198
-0.49179
-0.48887
-0.41149
-0.27143
-0.090033
0.10508
0.28419
0.42001
0.49186
0.48879
0.41127
0.27111
0.089656
-0.10546
-0.28451
-0.42022
-0.49193
-0.48871
-0.41106
-0.27079
-0.089278
0.10583
0.28482
0.42043
0.492
0.48863
0.41084
0.27047
0.088901
-0.10621
-0.28514
-0.42064
-0.49207
-0.48855
-0.41062
-0.27014
-0.088524
0.10658
0.28545
0.42084
0.49214
0.48847
0.4104
0.26982
0.088146
-0.10696
-0.28577
-0.42105
-0.4922
-0.48839
-0.41018
-0.2695
-0.087768
0.10733
0.28608
0.42126
0.49227
0.4883
0.40996
0.26918
0.087391
-0.1077
-0.2864
-0.42146
-0.49234
-0.48822
-0.40974
-0.26885
-0.087013
0.10808
0.28671
0.42167
0.4924
0.48814
0.40952
0.26853
0.086635
-0.10845
-0.28702
-0.42188
-0.49247
-0.48805
-0.4093
-0.2682
-0.086257
0.10883
0.28734
0.42208
0.49254
0.48797
0.40908
0.26788
0.08588
-0.1092
-0.28765
-0.42229
-0.4926
-0.48789
-0.40886
-0.26756
-0.085502
0.10958
0.28797
0.42249
0.49267
0.4878
0.40864
0.26723
0.085124
-0.10995
-0.28828
-0.4227
-0.49273
-0.48772
-0.40842
-0.26691
-0.084746
0.11033
0.28859
0.4229
0.4928
0.48763
0.4082
0.26658
0.084368
-0.1107
-0.28891
-0.42311
-0.49286
-0.48755
-0.40797
-0.26626
-0.083989
0.11107
0.28922
0.42331
0.49293
0.48746
0.40775
0.26593
0.083611
-0.11145
-0.28953
-0.42352
-0.49299
-0.48738
-0.40753
-0.26561
-0.083233
0.11182
0.28984
0.42372
0.49306
0.48729
0.40731
0.26528
0.082855
-0.1122
-0.29016
-0.42392
-0.49312
-0.48721
-0.40709
-0.26496
-0.082477
0.11257
0.29047
0.42413
0.49318
0.48712
0.40686
0.26463
0.082098
-0.11294
-0.29078
-0.42433
-0.49325
-0.48703
-0.40664
-0.26431
-0.08172
0.11332
0.29109
0.42453
0.49331
0.48695
0.40642
0.26398
0.081341
-0.11369
-0.2914
-0.42473
-0.49337
-0.48686
-0.40619
-0.26366
-0.080963
0.11406
0.29172
0.42494
0.49343
0.48677
0.40597
0.26333
0.080584
-0.11444
-0.29203
-0.42514
-0.49349
-0.48668
-0.40574
-0.26301
-0.080206
0.11481
0.29234
0.42534
0.49356
0.4866
0.40552
0.26268
0.079827
-0.11518
-0.29265
-0.42554
-0.49362
-0.48651
-0.4053
-0.26235
-0.079448
0.11556
0.29296
0.42574
0.49368
0.48642
0.40507
0.26203
0.07907
-0.11593
-0.29327
-0.42594
-0.49374
-0.48633
-0.40485
-0.2617
-0.078691
0.1163
0.29358
0.42614
0.4938
0.48624
0.40462
0.26137
0.078312
-0.11668
-0.29389
-0.42635
-0.49386
-0.48615
-0.4044
-0.26104
-0.077933
0.11705
0.2942
0.42655
0.49392
0.48606
0.40417
0.26072
0.077554
-0.11742
-0.29451
-0.42675
-0.49398
-0.48597
-0.40394
-0.26039
-0.077175
0.11779
0.29482
0.42695
0.49404
0.48588
0.40372
0.26006
0.076796
-0.11817
-0.29513
-0.42714
-0.4941
-0.48579
-0.40349
-0.25973
-0.076417
0.11854
0.29544
0.42734
0.49416
0.4857
0.40326
0.25941
0.076038
-0.11891
-0.29575
-0.42754
-0.49421
-0.48561
-0.40304
-0.25908
-0.075659
0.11929
0.29606
0.42774
0.49427
0.48552
0.40281
0.25875
0.07528
-0.11966
-0.29637
-0.42794
-0.49433
-0.48543
-0.40258
-0.25842
-0.0749
0.12003
0.29668
0.42814
0.49439
0.48533
0.40236
0.25809
0.074521
-0.1204
-0.29699
-0.42834
-0.49444
-0.48524
-0.40213
-0.25777
-0.074142
0.12077
0.2973
0.42853
0.4945
0.48515
0.4019
0.25744
0.073762
-0.12115
-0.2976
-0.42873
-0.49456
-0.48505
-0.40167
-0.25711
-0.073383
0.12152
0.29791
0.42893
0.49461
0.48496
0.40144
0.25678
0.073004
-0.12189
-0.29822
-0.42913
-0.49467
-0.48487
-0.40121
-0.25645
-0.072624
0.12226
0.29853
0.42932
0.49473
0.48477
0.40099
0.25612
0.072245
-0.12264
-0.29884
-0.42952
-0.49478
-0.48468
-0.40076
-0.25579
-0.071865
0.12301
0.29914
0.42972
0.49484
0.48459
0.40053
0.25546
0.071485
-0.12338
-0.29945
-0.42991
-0.49489
-0.48449
-0.4003
-0.25513
-0.071106
0.12375
0.29976
0.43011
0.49495
0.4844
0.40007
0.2548
0.070726
-0.12412
-0.30006
-0.4303
-0.495
-0.4843
-0.39984
-0.25447
-0.070346
0.12449
0.30037
0.4305
0.49505
0.48421
0.39961
0.25414
0.069966
-0.12487
-0.30068
-0.43069
-0.49511
-0.48411
-0.39938
-0.25381
-0.069587
0.12524
0.30098
0.43089
0.49516
0.48401
0.39914
0.25348
0.069207
-0.12561
-0.30129
-0.43108
-0.49521
-0.48392
-0.39891
-0.25315
-0.068827
0.12598
0.3016
0.43128
0.49527
0.48382
0.39868
0.25282
0.068447
-0.12635
-0.3019
-0.43147
-0.49532
-0.48372
-0.39845
-0.25249
-0.068067
0.12672
0.30221
0.43166
0.49537
0.48363
0.39822
0.25216
0.067687
-0.12709
-0.30251
-0.43186
-0.49542
-0.48353
-0.39799
-0.25182
-0.067307
0.12746
0.30282
0.43205
0.49547
0.48343
0.39775
0.25149
0.066927
-0.12783
-0.30312
-0.43224
-0.49553
-0.48333
-0.39752
-0.25116
-0.066546
0.1282
0.30343
0.43244
0.49558
0.48323
0.39729
0.25083
0.066166
-0.12858
-0.30373
-0.43263
-0.49563
-0.48314
-0.39706
-0.2505
-0.065786
0.12895
0.30404
0.43282
0.49568
0.48304
0.39682
0.25017
0.065406
-0.12932
-0.30434
-0.43301
-0.49573
-0.48294
-0.39659
-0.24983
-0.065025
0.12969
0.30465
0.4332
0.49578
0.48284
0.39636
0.2495
0.064645
-0.13006
-0.30495
-0.4334
-0.49583
-0.48274
-0.39612
-0.24917
-0.064265
0.13043
0.30525
0.43359
0.49588
0.48264
0.39589
0.24884
0.063884
-0.1308
-0.30556
-0.43378
-0.49593
-0.48254
-0.39565
-0.2485
-0.063504
0.13117
0.30586
0.43397
0.49598
0.48244
0.39542
0.24817
0.063123
-0.13154
-0.30617
-0.43416
-0.49602
-0.48234
-0.39518
-0.24784
-0.062743
0.13191
0.30647
0.43435
0.49607
0.48224
0.39495
0.2475
0.062362
-0.13228
-0.30677
-0.43454
-0.49612
-0.48213
-0.39471
-0.24717
-0.061982
0.13265
0.30707
0.43473
0.49617
0.48203
0.39448
0.24684
0.061601
-0.13302
-0.30738
-0.43492
-0.49621
-0.48193
-0.39424
-0.2465
-0.06122
0.13339
0.30768
0.43511
0.49626
0.48183
0.39401
0.24617
0.060839
-0.13376
-0.30798
-0.4353
-0.49631
-0.48173
-0.39377
-0.24584
-0.060459
0.13413
0.30828
0.43548
0.49635
0.48162
0.39353
0.2455
0.060078
-0.1345
-0.30859
-0.43567
-0.4964
-0.48152
-0.3933
-0.24517
-0.059697
0.13487
0.30889
0.43586
0.49645
0.48142
0.39306
0.24483
0.059316
-0.13524
-0.30919
-0.43605
-0.49649
-0.48131
-0.39282
-0.2445
-0.058935
0.1356
0.30949
0.43624
0.49654
0.48121
0.39258
0.24416
0.058554
-0.13597
-0.30979
-0.43642
-0.49658
-0.4811
-0.39235
-0.24383
-0.058173
0.13634
0.31009
0.43661
0.49663
0.481
0.39211
0.24349
0.057792
-0.13671
-0.31039
-0.4368
-0.49667
-0.48089
-0.39187
-0.24316
-0.057411
0.13708
0.31069
0.43698
0.49672
0.48079
0.39163
0.24282
0.05703
-0.13745
-0.31099
-0.43717
-0.49676
-0.48068
-0.39139
-0.24249
-0.056649
0.13782
0.31129
0.43736
0.4968
0.48058
0.39115
0.24215
0.056268
-0.13819
-0.31159
-0.43754
-0.49685
-0.48047
-0.39092
-0.24182
-0.055887
0.13856
0.31189
0.43773
0.49689
0.48037
0.39068
0.24148
0.055506
-0.13892
-0.31219
-0.43791
-0.49693
-0.48026
-0.39044
-0.24115
-0.055125
0.13929
0.31249
0.4381
0.49697
0.48015
0.3902
0.24081
0.054743
-0.13966
-0.31279
-0.43828
-0.49702
-0.48005
-0.38996
-0.24047
-0.054362
0.14003
0.31309
0.43847
0.49706
0.47994
0.38972
0.24014
0.053981
-0.1404
-0.31339
-0.43865
-0.4971
-0.47983
-0.38948
-0.2398
-0.053599
0.14077
0.31369
0.43884
0.49714
0.47972
0.38924
0.23946
0.053218
-0.14113
-0.31399
-0.43902
-0.49718
-0.47961
-0.389
-0.23913
-0.052836
0.1415
0.31429
0.4392
0.49722
0.47951
0.38875
0.23879
0.052455
-0.14187
-0.31459
-0.43939
-0.49726
-0.4794
-0.38851
-0.23845
-0.052073
0.14224
0.31488
0.43957
0.4973
0.47929
0.38827
0.23812
0.051692
-0.14261
-0.31518
-0.43975
-0.49734
-0.47918
-0.38803
-0.23778
-0.05131
0.14297
0.31548
0.43993
0.49738
0.47907
0.38779
0.23744
0.050929
-0.14334
-0.31578
-0.44012
-0.49742
-0.47896
-0.38754
-0.2371
-0.050547
0.14371
0.31607
0.4403
0.49746
0.47885
0.3873
0.23677
0.050166
-0.14408
-0.31637
-0.44048
-0.4975
-0.47874
-0.38706
-0.23643
-0.049784
0.14444
0.31667
0.44066
0.49753
0.47863
0.38682
0.23609
0.049402
-0.14481
-0.31696
-0.44084
-0.49757
-0.47852
-0.38657
-0.23575
-0.049021
0.14518
0.31726
0.44102
0.49761
0.4784
0.38633
0.23541
0.048639
-0.14554
-0.31756
-0.4412
-0.49765
-0.47829
-0.38609
-0.23507
-0.048257
0.14591
0.31785
0.44138
0.49768
0.47818
0.38584
0.23474
0.047875
-0.14628
-0.31815
-0.44156
-0.49772
-0.47807
-0.3856
-0.2344
-0.047493
0.14664
0.31845
0.44174
0.49776
0.47796
0.38535
0.23406
0.047111
-0.14701
-0.31874
-0.44192
-0.49779
-0.47784
-0.38511
-0.23372
-0.04673
0.14738
0.31904
0.4421
0.49783
0.47773
0.38487
0.23338
0.046348
-0.14774
-0.31933
-0.44228
-0.49787
-0.47762
-0.38462
-0.23304
-0.045966
0.14811
0.31963
0.44246
0.4979
0.4775
0.38437
0.2327
0.045584
-0.14848
-0.31992
-0.44264
-0.49794
-0.47739
-0.38413
-0.23236
-0.045202
0.14884
0.32022
0.44282
0.49797
0.47727
0.38388
0.23202
0.04482
-0.14921
-0.32051
-0.443
-0.498
-0.47716
-0.38364
-0.23168
-0.044438
0.14958
0.32081
0.44317
0.49804
0.47705
0.38339
0.23134
0.044056
-0.14994
-0.3211
-0.44335
-0.49807
-0.47693
-0.38315
-0.231
-0.043673
0.15031
0.32139
0.44353
0.49811
0.47682
0.3829
0.23066
0.043291
-0.15067
-0.32169
-0.4437
-0.49814
-0.4767
-0.38265
-0.23032
-0.042909
0.15104
0.32198
0.44388
0.49817
0.47658
0.38241
0.22998
0.042527
-0.1514
-0.32227
-0.44406
-0.4982
-0.47647
-0.38216
-0.22964
-0.042145
0.15177
0.32257
0.44423
0.49824
0.47635
0.38191
0.2293
0.041762
-0.15214
-0.32286
-0.44441
-0.49827
-0.47623
-0.38166
-0.22896
-0.04138
0.1525
0.32315
0.44459
0.4983
0.47612
0.38141
0.22862
0.040998
-0.15287
-0.32345
-0.44476
-0.49833
-0.476
-0.38117
-0.22828
-0.040616
0.15323
0.32374
0.44494
0.49836
0.47588
0.38092
0.22793
0.040233
-0.1536
-0.32403
-0.44511
-0.49839
-0.47576
-0.38067
-0.22759
-0.039851
0.15396
0.32432
0.44529
0.49842
0.47565
0.38042
0.22725
0.039469
-0.15433
-0.32461
-0.44546
-0.49845
-0.47553
-0.38017
-0.22691
-0.039086
0.15469
0.32491
0.44563
0.49848
0.47541
0.37992
0.22657
0.038704
-0.15506
-0.3252
-0.44581
-0.49851
-0.47529
-0.37967
-0.22623
-0.038321
0.15542
0.32549
0.44598
0.49854
0.47517
0.37942
0.22588
0.037939
-0.15578
-0.32578
-0.44615
-0.49857
-0.47505
-0.37917
-0.22554
-0.037556
0.15615
0.32607
0.44633
0.4986
0.47493
0.37892
0.2252
0.037174
-0.15651
-0.32636
-0.4465
-0.49863
-0.47481
-0.37867
-0.22486
-0.036791
0.15688
0.32665
0.44667
0.49866
0.47469
0.37842
0.22451
0.036409
-0.15724
-0.32694
-0.44685
-0.49869
-0.47457
-0.37817
-0.22417
-0.036026
0.15761
0.32723
0.44702
0.49871
0.47445
0.37792
0.22383
0.035644
-0.15797
-0.32752
-0.44719
-0.49874
-0.47433
-0.37767
-0.22349
-0.035261
0.15833
0.32781
0.44736
0.49877
0.47421
0.37742
0.22314
0.034878
-0.1587
-0.3281
-0.44753
-0.4988
-0.47409
-0.37717
-0.2228
-0.034496
0.15906
0.32839
0.4477
0.49882
0.47396
0.37691
0.22246
0.034113
-0.15943
-0.32868
-0.44787
-0.49885
-0.47384
-0.37666
-0.22211
-0.03373
0.15979
0.32897
0.44804
0.49887
0.47372
0.37641
0.22177
0.033347
-0.16015
-0.32926
-0.44821
-0.4989
-0.4736
-0.37616
-0.22142
-0.032965
0.16052
0.32955
0.44838
0.49892
0.47347
0.3759
0.22108
0.032582
-0.16088
-0.32984
-0.44855
-0.49895
-0.47335
-0.37565
-0.22074
-0.032199
0.16124
0.33012
0.44872
0.49897
0.47323
0.3754
0.22039
0.031816
-0.1616
-0.33041
-0.44889
-0.499
-0.4731
-0.37514
-0.22005
-0.031434
0.16197
0.3307
0.44906
0.49902
0.47298
0.37489
0.2197
0.031051
-0.16233
-0.33099
-0.44923
-0.49905
-0.47285
-0.37464
-0.21936
-0.030668
0.16269
0.33127
0.4494
0.49907
0.47273
0.37438
0.21901
0.030285
-0.16306
-0.33156
-0.44957
-0.49909
-0.4726
-0.37413
-0.21867
-0.029902
0.16342
0.33185
0.44973
0.49912
0.47248
0.37387
0.21832
0.029519
-0.16378
-0.33214
-0.4499
-0.49914
-0.47235
-0.37362
-0.21798
-0.029136
0.16414
0.33242
0.45007
0.49916
0.47223
0.37336
0.21763
0.028753
-0.16451
-0.33271
-0.45023
-0.49918
-0.4721
-0.37311
-0.21729
-0.02837
0.16487
0.33299
0.4504
0.49921
0.47197
0.37285
0.21694
0.027987
-0.16523
-0.33328
-0.45057
-0.49923
-0.47185
-0.3726
-0.2166
-0.027604
0.16559
0.33357
0.45073
0.49925
0.47172
0.37234
0.21625
0.027221
-0.16595
-0.33385
-0.4509
-0.49927
-0.47159
-0.37209
-0.2159
-0.026838
0.16632
0.33414
0.45107
0.49929
0.47146
0.37183
0.21556
0.026455
-0.16668
-0.33442
-0.45123
-0.49931
-0.47134
-0.37157
-0.21521
-0.026072
0.16704
0.33471
0.4514
0.49933
0.47121
0.37132
0.21487
0.025689
-0.1674
-0.33499
-0.45156
-0.49935
-0.47108
-0.37106
-0.21452
-0.025306
0.16776
0.33528
0.45173
0.49937
0.47095
0.3708
0.21417
0.024923
-0.16812
-0.33556
-0.45189
-0.49939
-0.47082
-0.37054
-0.21383
-0.02454
0.16848
0.33585
0.45205
0.49941
0.47069
0.37029
0.21348
0.024157
-0.16885
-0.33613
-0.45222
-0.49943
-0.47056
-0.37003
-0.21313
-0.023774
0.16921
0.33641
0.45238
0.49944
0.47043
0.36977
0.21279
0.02339
-0.16957
-0.3367
-0.45254
-0.49946
-0.4703
-0.36951
-0.21244
-0.023007
0.16993
0.33698
0.45271
0.49948
0.47017
0.36925
0.21209
0.022624
-0.17029
-0.33726
-0.45287
-0.4995
-0.47004
-0.36899
-0.21174
-0.022241
0.17065
0.33755
0.45303
0.49951
0.46991
0.36874
0.2114
0.021858
-0.17101
-0.33783
-0.45319
-0.49953
-0.46978
-0.36848
-0.21105
-0.021474
0.17137
0.33811
0.45336
0.49955
0.46965
0.36822
0.2107
0.021091
-0.17173
-0.3384
-0.45352
-0.49956
-0.46952
-0.36796
-0.21035
-0.020708
0.17209
0.33868
0.45368
0.49958
0.46939
0.3677
0.21
0.020325
-0.17245
-0.33896
-0.45384
-0.49959
-0.46925
-0.36744
-0.20966
-0.019941
0.17281
0.33924
0.454
0.49961
0.46912
0.36718
0.20931
0.019558
-0.17317
-0.33952
-0.45416
-0.49962
-0.46899
-0.36692
-0.20896
-0.019175
0.17353
0.33981
0.45432
0.49964
0.46885
0.36666
0.20861
0.018791
-0.17389
-0.34009
-0.45448
-0.49965
-0.46872
-0.3664
-0.20826
-0.018408
0.17425
0.34037
0.45464
0.49967
0.46859
0.36613
0.20791
0.018025
-0.17461
-0.34065
-0.4548
-0.49968
-0.46845
-0.36587
-0.20756
-0.017641
0.17497
0.34093
0.45496
0.4997
0.46832
0.36561
0.20722
0.017258
-0.17533
-0.34121
-0.45512
-0.49971
-0.46818
-0.36535
-0.20687
-0.016875
0.17569
0.34149
0.45528
0.49972
0.46805
0.36509
0.20652
0.016491
-0.17605
-0.34177
-0.45544
-0.49973
-0.46791
-0.36483
-0.20617
-0.016108
0.17641
0.34205
0.4556
0.49975
0.46778
0.36456
0.20582
0.015725
-0.17676
-0.34233
-0.45575
-0.49976
-0.46764
-0.3643
-0.20547
-0.015341
0.17712
0.34261
0.45591
0.49977
0.46751
0.36404
0.20512
0.014958
-0.17748
-0.34289
-0.45607
-0.49978
-0.46737
-0.36377
-0.20477
-0.014574
0.17784
0.34317
0.45623
0.49979
0.46724
0.36351
0.20442
0.014191
-0.1782
-0.34345
-0.45638
-0.4998
-0.4671
-0.36325
-0.20407
-0.013807
0.17856
0.34372
0.45654
0.49981
0.46696
0.36298
0.20372
0.013424
-0.17892
-0.344
-0.45669
-0.49982
-0.46682
-0.36272
-0.20337
-0.013041
0.17927
0.34428
0.45685
0.49983
0.46669
0.36246
0.20302
0.012657
-0.17963
-0.34456
-0.45701
-0.49984
-0.46655
-0.36219
-0.20267
-0.012274
0.17999
0.34484
0.45716
0.49985
0.46641
0.36193
0.20232
0.01189
-0.18035
-0.34512
-0.45732
-0.49986
-0.46627
-0.36166
-0.20197
-0.011507
0.18071
0.34539
0.45747
0.49987
0.46613
0.3614
0.20161
0.011123
-0.18106
-0.34567
-0.45763
-0.49988
-0.466
-0.36113
-0.20126
-0.01074
0.18142
0.34595
0.45778
0.49989
0.46586
0.36087
0.20091
0.010356
-0.18178
-0.34622
-0.45794
-0.4999
-0.46572
-0.3606
-0.20056
-0.0099726
0.18213
0.3465
0.45809
0.4999
0.46558
0.36034
0.20021
0.0095891
-0.18249
-0.34678
-0.45824
-0.49991
-0.46544
-0.36007
-0.19986
-0.0092056
0.18285
0.34705
0.4584
0.49992
0.4653
0.3598
0.19951
0.0088221
-0.18321
-0.34733
-0.45855
-0.49993
-0.46516
-0.35954
-0.19915
-0.0084386
0.18356
0.34761
0.4587
0.49993
0.46502
0.35927
0.1988
0.008055
-0.18392
-0.34788
-0.45885
-0.49994
-0.46487
-0.359
-0.19845
-0.0076715
0.18428
0.34816
0.45901
0.49994
0.46473
0.35874
0.1981
0.0072879
-0.18463
-0.34843
-0.45916
-0.49995
-0.46459
-0.35847
-0.19775
-0.0069044
0.18499
0.34871
0.45931
0.49995
0.46445
0.3582
0.19739
0.0065208
-0.18535
-0.34898
-0.45946
-0.49996
-0.46431
-0.35793
-0.19704
-0.0061373
0.1857
0.34926
0.45961
0.49996
0.46416
0.35767
0.19669
0.0057537
-0.18606
-0.34953
-0.45976
-0.49997
-0.46402
-0.3574
-0.19634
-0.0053701
0.18641
0.3498
0.45991
0.49997
0.46388
0.35713
0.19598
0.0049866
-0.18677
-0.35008
-0.46006
-0.49998
-0.46374
-0.35686
-0.19563
-0.004603
0.18713
0.35035
0.46021
0.49998
0.46359
0.35659
0.19528
0.0042194
-0.18748
-0.35063
-0.46036
-0.49998
-0.46345
-0.35632
-0.19492
-0.0038359
0.18784
0.3509
0.46051
0.49999
0.4633
0.35605
0.19457
0.0034523
-0.18819
-0.35117
-0.46066
-0.49999
-0.46316
-0.35578
-0.19422
-0.0030687
0.18855
0.35145
0.46081
0.49999
0.46301
0.35551
0.19386
0.0026851
-0.1889
-0.35172
-0.46096
-0.49999
-0.46287
-0.35524
-0.19351
-0.0023015
0.18926
0.35199
0.46111
0.5
0.46272
0.35497
0.19316
0.0019179
-0.18961
-0.35226
-0.46126
-0.5
-0.46258
-0.3547
-0.1928
-0.0015344
0.18997
0.35253
0.46141
0.5
0.46243
0.35443
0.19245
0.0011508
-0.19032
-0.35281
-0.46155
-0.5
-0.46229
-0.35416
-0.19209
-0.00076718
0.19068
0.35308
0.4617
0.5
0.46214
0.35389
0.19174
0.00038359
-0.19103
-0.35335
-0.46185
-0.5
-0.46199
-0.35362
-0.19139
-1.2246e-16
